PSDSS
5.0
4.0
3.0
3.0
30.0
3.0
44.0
38.0
515.0
113.0
5.0
5.0
4.0
25.0
42.0
23.0
1565.0
116.0
44.0
21.0
43.0
217.0
4.0
90.0
212.0
6.0
6.0
12.0
16.0
106.0
18.0
4.0
4.0
16.0
18.0
571.0
271.0
24.0
49.00000000000001
4.0
7.0
98.00000000000001
32.0
32.0
17.0
3.0
3.0
983.0
144.0
35.0
1353.0
193.0
7.0
19.0
10.0
2.0
7.0
7.0
4.0
19.0
3.0
3.0
10.0
10.0
80.0
380.0
49.00000000000001
983.0
98.00000000000001
2.0
2.0
25.0
13.0
1603.0
13.0
11.0
25.0
7.0
8.0
251.0
55.0
5.0
5.0
3.0
43.0
9.0
9.0
13.0
199.0
3.0
14.0
14.0
217.0
156.0
7.0
11.0
8.0
8.0
1353.0
154.0
13.0
2.0
13.0
31.0
80.0
64.0
3.0
21.0
3853.0000000000005
94.0
33.0
6.0
2.0
2.0
13.0
13.0
3.0
18.0
3.0
7.0
199.0
19.0
19.0
8.0
8.0
940.0
8.0
190.0
17.0
6.0
4.0
4.0
277.0
3.0
4.0
2.0
34.0
34.0
3120.0
41.0
8.0
2.0
89.0
639.0
31.0
49.00000000000001
18.0
2.0
2.0
4742.0
3.0
3.0
29.0
639.0
101.0
31.0
154.0
7.0
2.0
2.0
2.0
33.0
16.0
30.0
2.0
13.0
13.0
18.0
18.0
3.0
3.0
10.0
9.0
4.0
21.0
145.0
2.0
2.0
40.0
40.0
7.0
4.0
7.0
31.0
3.0
3.0
66.0
24.0
24.0
74.0
2551.0
47.0
56.0
29.0
7.0
7.0
31.0
9.0
2.0
2.0
4.0
2.0
2.0
29.0
7.0
4.0
29.0
7.0
17.0
17.0
2.0
2.0
389.0
5.0
44.0
4.0
4.0
47.0
4.0
47.0
18.0
18.0
4.0
1973.9999999999998
4.0
5.0
3.0
389.0
57.0
38.0
146.0
5.0
5.0
2.0
2.0
69.0
24.0
24.0
90.0
92.0
3.0
100.0
7.0
47.0
14.0
4.0
14.0
4.0
4.0
7.0
100.0
1084.0
4.0
3.0
3.0
10.0
58.0
2.0
2.0
4.0
414.99999999999994
5.0
8.0
8.0
66.0
35.0
23.0
161.0
11.0
11.0
74.0
16.0
45.0
177.0
284.0
26.0
26.0
13.0
6.0
6.0
48.0
11.0
17.0
73.0
191936.0
34.0
1225.0
1225.0
34.0
11.0
17.0
