PSDSS+IBPS
3.0
3.0
2.176470588235294
2.4347826086956523
5.0
4.0
25.0
5.0
1.6923076923076923
2.169811320754717
4.0
41.0
30.0
5.0
14.333333333333334
1.6666666666666667
1.6666666666666667
20.0
7.831473724965682
11.0
4.0
4.0
16.0
106.0
18.0
2.3000000000000003
16.0
18.0
2.5833333333333335
2.5833333333333335
16.0
1.4545454545454546
3.0
3.0
34.0
144.0
12.0
7.0
7.0
4.0
18.0
19.0
3.0
3.0
4.0
10.0
10.0
196.4
98.00000000000001
99.85235838060456
2.0
2.0
4.0
196.4
380.0
13.0
13.0
11.0
2.4
44.0
7.0
8.0
4.0
4.0
1565.0
43.0
8.0
8.0
3.0
3.0
271.0
6.5
6.5
217.0
10.0
7.0
212.0
11.0
8.0
8.0
676.0
98.00000000000001
3.009177992878279
6.0
80.0
7.0
64.0
35.714285714285715
21.0
47.11764705882353
10.23618653564348
1.9375
6.0
2.0
2.0
6.0
6.0
3.0
55.0
3.0
214.00000000000003
199.0
3.0
18.0
18.0
8.0
8.0
7.0
1353.0
156.0
18.0
17.0
2.5
3.0
3.0
3.0
4.0
2.0
80.0
3.0
3.0
3.0
8.0
2.0
199.0
29.333333333333336
31.0
16.0
277.0
3.0
18.0
8.0
1.0
1.0
4.0
3.0
3.0
639.0
3120.0
101.0
41.0
154.0
7.0
2.0
2.0
2.0
33.0
8.165217391304347
43.0
217.0
2.0
31.0
12.0
12.0
3.4
3.4
3.0
3.0
9.0
30.0
21.0
20.57142857142857
2.0
2.0
40.0
40.0
15.75
639.0
8.96219281663516
31.0
3.0
3.0
2.0
32.5
11.5
11.5
36.5
2.0
56.0
7.0
10.0
154.0
7.0
7.0
2.7272727272727275
9.0
2.0
2.0
16.0
1.0
1.0
29.0
7.0
4.0
29.0
7.0
33.0
16.0
17.0
2.0
2.0
5.0
182.14285714285714
44.0
4.0
4.0
4.0
47.0
7.0
2.125
2.125
4.0
4.0
4.0
5.0
31.0
29.0
389.0
7.0
5.6
1.423076923076923
47.0
5.0
4.0
146.0
4.0
2.0
2.0
3.090909090909091
11.5
24.0
90.0
1.75
3.0
1973.9999999999998
47.0
389.0
4.0
13.0
13.0
4.0
3.0
7.0
24.749999999999996
29.0
47.0
4.0
4.0
2.0
2.0
9.0
3.8000000000000003
2.0
2.0
4.0
7.0
100.0
1083.0
4.0
5.0
7.0
7.0
4.0
35.0
1.6923076923076923
26.666666666666668
11.0
5.0
73.0
15.0
2.444444444444444
2.852835816056927
14.785714285714286
66.0
26.0
26.0
284.0
6.0
5.0
5.0
34.0
34.0
11.0
1225.0
17.0
48.0
